    45
     1   -0.445103    0.256980    0.000000       0.012346
     2   -0.333827    0.192735    0.000000       0.012346
     3   -0.222551    0.128490    0.000000       0.012346
     4   -0.111276    0.064245    0.000000       0.012346
     5    0.000000    0.000000    0.000000       0.012346
     6    0.111276   -0.064245    0.000000       0.012346
     7    0.222551   -0.128490    0.000000       0.012346
     8    0.333827   -0.192735    0.000000       0.012346
     9    0.445103   -0.256980    0.000000       0.012346
    10   -0.445103    0.385470    0.000000       0.024691
    11   -0.333827    0.321225    0.000000       0.024691
    12   -0.222551    0.256980    0.000000       0.024691
    13   -0.111276    0.192735    0.000000       0.024691
    14    0.000000    0.128490    0.000000       0.024691
    15    0.111276    0.064245    0.000000       0.024691
    16    0.222551   -0.000000    0.000000       0.024691
    17    0.333827   -0.064245    0.000000       0.024691
    18    0.445103   -0.128490    0.000000       0.024691
    19   -0.445103    0.513960    0.000000       0.024691
    20   -0.333827    0.449715    0.000000       0.024691
    21   -0.222551    0.385470    0.000000       0.024691
    22   -0.111276    0.321225    0.000000       0.024691
    23    0.000000    0.256980    0.000000       0.024691
    24    0.111276    0.192735    0.000000       0.024691
    25    0.222551    0.128490    0.000000       0.024691
    26    0.333827    0.064245    0.000000       0.024691
    27    0.445103   -0.000000    0.000000       0.024691
    28   -0.445103    0.642450    0.000000       0.024691
    29   -0.333827    0.578205    0.000000       0.024691
    30   -0.222551    0.513960    0.000000       0.024691
    31   -0.111276    0.449715    0.000000       0.024691
    32    0.000000    0.385470    0.000000       0.024691
    33    0.111276    0.321225    0.000000       0.024691
    34    0.222551    0.256980    0.000000       0.024691
    35    0.333827    0.192735    0.000000       0.024691
    36    0.445103    0.128490    0.000000       0.024691
    37   -0.445103    0.770940    0.000000       0.024691
    38   -0.333827    0.706695    0.000000       0.024691
    39   -0.222551    0.642450    0.000000       0.024691
    40   -0.111276    0.578205    0.000000       0.024691
    41    0.000000    0.513960    0.000000       0.024691
    42    0.111276    0.449715    0.000000       0.024691
    43    0.222551    0.385470    0.000000       0.024691
    44    0.333827    0.321225    0.000000       0.024691
    45    0.445103    0.256980    0.000000       0.024691
